image: 7ff.pgm
resolution: 0.050000
origin: [-11.695322, -10.328564, 0.000000]
negate: 0
occupied_thresh: 0.65
free_thresh: 0.196

