image: fac.pgm
resolution: 0.050000
origin: [-5.386402, -5.706374, 0.000000]
negate: 0
occupied_thresh: 0.65
free_thresh: 0.196

